1.57 0 0 0 0 0 0 0 0 0 0 0 
1.55907 0.0015295 -0.00522719 -0.00996693 -0.0106041 -0.0125 -0.437188 0.0611802 -0.209088 -0.398677 -0.424164 -0.5 
1.52628 0.00611802 -0.0209088 -0.0398677 -0.0424164 -0.05 -0.874375 0.12236 -0.418175 -0.797354 -0.848327 -1 
1.47163 0.0137655 -0.0470447 -0.0897023 -0.0852751 -0.1125 -1.31156 0.183541 -0.627263 -1.19603 -0.685278 -1.5 
1.39512 0.0244721 -0.083635 -0.159471 -0.108935 -0.2 -1.74875 0.244721 -0.83635 -1.59471 -0.261114 -2 
1.29676 0.0382376 -0.13068 -0.249173 -0.111386 -0.3125 -2.18594 0.305901 -1.04544 -1.99339 0.163049 -2.5 
1.1776 0.0550622 -0.188179 -0.358809 -0.09263 -0.45 -2.4299 0.367081 -1.25453 -2.39206 0.587213 -3 
1.06703 0.0746704 -0.256132 -0.488379 -0.0526652 -0.6125 -1.99272 0.391553 -1.46361 -2.79074 1.01138 -3.5 
0.978327 0.0927186 -0.33454 -0.636939 0.00850767 -0.795508 -1.55553 0.330373 -1.6727 -3.01586 1.43554 -3.57612 
0.91148 0.107708 -0.423402 -0.777765 0.0908887 -0.961814 -1.11834 0.269193 -1.88179 -2.61719 1.8597 -3.07612 
0.866493 0.119638 -0.522719 -0.898657 0.194478 -1.10312 -0.681153 0.208013 -2.09088 -2.21851 2.28387 -2.57612 
0.843365 0.128509 -0.63249 -0.999616 0.319275 -1.21943 -0.243966 0.146833 -2.29996 -1.81983 2.70803 -2.07612 
0.840678 0.133472 -0.725757 -1.06708 0.436527 -1.29565 0.111929 0.0970285 -2.21767 -1.49529 3.05332 -1.66909 
0.840678 0.133472 -0.725757 -1.06708 0.436527 -1.29565 0.111929 0.0970285 -2.21767 -1.49529 3.05332 -1.66909 
0.834006 0.149686 -0.826731 -1.15435 0.578103 -1.39061 -0.378816 0.551542 -1.82129 -1.99529 2.60973 -2.12963 
0.802796 0.188626 -0.907886 -1.26661 0.6975 -1.50861 -0.869561 1.00606 -1.42491 -2.49529 2.16614 -2.59018 
0.74705 0.250292 -0.969222 -1.40388 0.794718 -1.64963 -1.36031 1.46057 -1.02853 -2.99529 1.72255 -3.05072 
0.666766 0.334683 -1.01074 -1.56614 0.869755 -1.81331 -1.85105 1.91508 -0.632155 -3.49529 1.27896 -3.3938 
0.561944 0.4418 -1.03244 -1.74793 0.922614 -1.97148 -2.3418 2.3696 -0.235776 -3.52724 0.835369 -2.93325 
0.432586 0.566411 -1.03432 -1.91179 0.953292 -2.10663 -2.83254 2.38796 0.160603 -3.02724 0.391778 -2.47271 
0.27869 0.674446 -1.01638 -2.05065 0.961791 -2.21875 -3.32329 1.93344 0.556981 -2.52724 -0.0518134 -2.01217 
0.100257 0.759755 -0.978619 -2.16451 0.948111 -2.30785 -3.81403 1.47893 0.95336 -2.02724 -0.495404 -1.55162 
-0.102713 0.822339 -0.921041 -2.25338 0.912251 -2.37392 -4.30478 1.02441 1.34974 -1.52724 -0.938995 -1.09108 
-0.330221 0.862197 -0.843645 -2.31724 0.854211 -2.41696 -4.79553 0.569901 1.74612 -1.02724 -1.38259 -0.630533 
-0.564172 0.879329 -0.74643 -2.3561 0.773992 -2.43697 -4.44345 0.115387 2.1425 -0.527242 -1.82618 -0.169989 
-0.774076 0.873736 -0.629396 -2.36996 0.671594 -2.43396 -3.9527 -0.339127 2.53887 -0.0272417 -2.26977 0.290555 
-0.959442 0.845416 -0.493152 -2.35882 0.547015 -2.40791 -3.46196 -0.79364 2.79625 0.472758 -2.71336 0.751099 
-1.12027 0.794372 -0.363249 -2.32269 0.406515 -2.35885 -2.97121 -1.24815 2.39987 0.972758 -2.68571 1.21164 
-1.25656 0.720601 -0.253165 -2.26155 0.283319 -2.28675 -2.48046 -1.70267 2.00349 1.47276 -2.24212 1.67219 
-1.36832 0.624105 -0.1629 -2.17541 0.182303 -2.19163 -1.98972 -2.15718 1.60711 1.97276 -1.79853 2.13273 
-1.45554 0.504883 -0.092454 -2.06427 0.103466 -2.07348 -1.49897 -2.6117 1.21073 2.47276 -1.35494 2.59328 
-1.51822 0.362935 -0.0418269 -1.92814 0.0468088 -1.9323 -1.00823 -3.06621 0.814353 2.97276 -0.91135 3.05382 
-1.55636 0.198262 -0.0110187 -1.767 0.0123311 -1.76809 -0.517483 -3.52072 0.417975 3.47276 -0.467759 3.51436 
-1.56996 0.0108629 -2.94156e-05 -1.58086 3.29192e-05 -1.58086 -0.0267374 -3.97524 0.021596 3.97276 -0.0241683 3.97491 
-1.57 0 0 -1.57 0 -1.57 0 -4 0 4 0 4 
